{
    "Far": 3.5,
    "Near": 1.5,
    "camera_angle_x": 0.6911112070083618,
    "frames": [
        {
            "transform_matrix": [
                [
                    0.890663743019104,
                    -0.026803040876984596,
                    0.4538719058036804,
                    1.134679731443595
                ],
                [
                    0.45466262102127075,
                    0.05250595882534981,
                    -0.8891147375106812,
                    -2.2227868575679617
                ],
                [
                    0.0,
                    0.9982608556747437,
                    0.058951497077941895,
                    0.14737873955980724
                ],
                [
                    0.0,
                    0.0,
                    0.0,
                    1.0
                ]
            ],
            "file_path": "./train/render0"
        },
        {
            "transform_matrix": [
                [
                    0.7152658700942993,
                    -0.06251849979162216,
                    0.6960504055023193,
                    1.740126070427181
                ],
                [
                    0.6988524794578552,
                    0.06398681551218033,
                    -0.7123979926109314,
                    -1.780995027497937
                ],
                [
                    0.0,
                    0.995990514755249,
                    0.08945879340171814,
                    0.22364697862318692
                ],
                [
                    0.0,
                    0.0,
                    0.0,
                    1.0
                ]
            ],
            "file_path": "./train/render1"
        },
        {
            "transform_matrix": [
                [
                    0.9617491364479065,
                    -0.03087027184665203,
                    0.27218684554100037,
                    0.6804671252137209
                ],
                [
                    0.2739318311214447,
                    0.10838264226913452,
                    -0.9556226134300232,
                    -2.389056493074329
                ],
                [
                    0.0,
                    0.9936298131942749,
                    0.11269325762987137,
                    0.2817331439549869
                ],
                [
                    0.0,
                    0.0,
                    0.0,
                    1.0
                ]
            ],
            "file_path": "./train/render2"
        },
        {
            "transform_matrix": [
                [
                    0.4684763550758362,
                    -0.0498446449637413,
                    0.8820688128471375,
                    2.2051720807984214
                ],
                [
                    0.8834760189056396,
                    0.02643086574971676,
                    -0.46773016452789307,
                    -1.169325381558748
                ],
                [
                    0.0,
                    0.9984071850776672,
                    0.05641878396272659,
                    0.14104696419863144
                ],
                [
                    0.0,
                    0.0,
                    0.0,
                    1.0
                ]
            ],
            "file_path": "./train/render3"
        },
        {
            "transform_matrix": [
                [
                    0.8318160772323608,
                    -0.09973510354757309,
                    0.5460172891616821,
                    1.3650432221383135
                ],
                [
                    0.555051326751709,
                    0.14946593344211578,
                    -0.8182774186134338,
                    -2.045693593002404
                ],
                [
                    0.0,
                    0.9837239384651184,
                    0.1796862781047821,
                    0.4492156778688447
                ],
                [
                    0.0,
                    0.0,
                    0.0,
                    1.0
                ]
            ],
            "file_path": "./train/render4"
        },
        {
            "transform_matrix": [
                [
                    0.997541069984436,
                    -0.009619945660233498,
                    0.06942138075828552,
                    0.17355344683926938
                ],
                [
                    0.07008474320173264,
                    0.13692410290241241,
                    -0.9880991578102112,
                    -2.4702478616810692
                ],
                [
                    0.0,
                    0.9905348420143127,
                    0.13726161420345306,
                    0.3431540513389215
                ],
                [
                    0.0,
                    0.0,
                    0.0,
                    1.0
                ]
            ],
            "file_path": "./train/render5"
        },
        {
            "transform_matrix": [
                [
                    0.6095351576805115,
                    -0.14328743517398834,
                    0.7797022461891174,
                    1.9492556230309563
                ],
                [
                    0.7927590608596802,
                    0.11017059534788132,
                    -0.599496066570282,
                    -1.4987402068269706
                ],
                [
                    0.0,
                    0.9835299253463745,
                    0.18074525892734528,
                    0.4518631524283076
                ],
                [
                    0.0,
                    0.0,
                    0.0,
                    1.0
                ]
            ],
            "file_path": "./train/render6"
        },
        {
            "transform_matrix": [
                [
                    0.9274611473083496,
                    -0.09057781845331192,
                    0.3627829849720001,
                    0.9069574959868952
                ],
                [
                    0.3739195764064789,
                    0.2246670424938202,
                    -0.8998382687568665,
                    -2.2495956233900847
                ],
                [
                    0.0,
                    0.970216691493988,
                    0.24223877489566803,
                    0.6055969218030742
                ],
                [
                    0.0,
                    0.0,
                    0.0,
                    1.0
                ]
            ],
            "file_path": "./train/render7"
        },
        {
            "transform_matrix": [
                [
                    0.32466012239456177,
                    -0.11115369200706482,
                    0.9392766952514648,
                    2.348191672258303
                ],
                [
                    0.945830762386322,
                    0.03815394267439842,
                    -0.3224104046821594,
                    -0.8060260260397633
                ],
                [
                    0.0,
                    0.9930705428123474,
                    0.11751963943243027,
                    0.2937991076965721
                ],
                [
                    0.0,
                    0.0,
                    0.0,
                    1.0
                ]
            ],
            "file_path": "./train/render8"
        },
        {
            "transform_matrix": [
                [
                    0.9896231293678284,
                    0.01919242925941944,
                    -0.14240001142024994,
                    -0.3560000154946672
                ],
                [
                    -0.14368754625320435,
                    0.13218453526496887,
                    -0.9807553887367249,
                    -2.4518884805634773
                ],
                [
                    0.0,
                    0.9910392761230469,
                    0.1335705816745758,
                    0.3339264407738919
                ],
                [
                    0.0,
                    0.0,
                    0.0,
                    1.0
                ]
            ],
            "file_path": "./train/render9"
        },
        {
            "transform_matrix": [
                [
                    0.7495163679122925,
                    -0.18645426630973816,
                    0.6351850628852844,
                    1.587962629537131
                ],
                [
                    0.6619858145713806,
                    0.2111080139875412,
                    -0.7191718816757202,
                    -1.7979296449909037
                ],
                [
                    0.0,
                    0.9595145583152771,
                    0.28165900707244873,
                    0.7041474837393111
                ],
                [
                    0.0,
                    0.0,
                    0.0,
                    1.0
                ]
            ],
            "file_path": "./train/render10"
        },
        {
            "transform_matrix": [
                [
                    0.018702343106269836,
                    -0.00040123736835084856,
                    0.9998250007629395,
                    2.4995625384299363
                ],
                [
                    0.999825119972229,
                    7.5053917498735245e-06,
                    -0.018702341243624687,
                    -0.0467558544916942
                ],
                [
                    0.0,
                    0.9999999403953552,
                    0.00040130753768607974,
                    0.0010032688788717825
                ],
                [
                    0.0,
                    0.0,
                    0.0,
                    1.0
                ]
            ],
            "file_path": "./train/render11"
        },
        {
            "transform_matrix": [
                [
                    0.9866936206817627,
                    -0.04479561001062393,
                    0.15629811584949493,
                    0.3907452713800301
                ],
                [
                    0.16259072721004486,
                    0.27184540033340454,
                    -0.9485063552856445,
                    -2.3712659259004583
                ],
                [
                    0.0,
                    0.9612978100776672,
                    0.2755114734172821,
                    0.6887786593366465
                ],
                [
                    0.0,
                    0.0,
                    0.0,
                    1.0
                ]
            ],
            "file_path": "./train/render12"
        },
        {
            "transform_matrix": [
                [
                    0.4797636866569519,
                    -0.2216571867465973,
                    0.8489375114440918,
                    2.1223437874687447
                ],
                [
                    0.8773977756500244,
                    0.12120280414819717,
                    -0.46420153975486755,
                    -1.1605038463270674
                ],
                [
                    0.0,
                    0.9675629138946533,
                    0.25263020396232605,
                    0.6315755461169368
                ],
                [
                    0.0,
                    0.0,
                    0.0,
                    1.0
                ]
            ],
            "file_path": "./train/render13"
        },
        {
            "transform_matrix": [
                [
                    0.9357326626777649,
                    0.03684617578983307,
                    -0.350780189037323,
                    -0.8769504669184002
                ],
                [
                    -0.3527100384235382,
                    0.0977521613240242,
                    -0.9306128025054932,
                    -2.32653193487897
                ],
                [
                    0.0,
                    0.9945284724235535,
                    0.10446590930223465,
                    0.26116476515777576
                ],
                [
                    0.0,
                    0.0,
                    0.0,
                    1.0
                ]
            ],
            "file_path": "./train/render14"
        },
        {
            "transform_matrix": [
                [
                    0.8732817769050598,
                    -0.17308326065540314,
                    0.4554351568222046,
                    1.1385878622574686
                ],
                [
                    0.4872155487537384,
                    0.3102332353591919,
                    -0.8163188099861145,
                    -2.0407969553034095
                ],
                [
                    0.0,
                    0.9347713589668274,
                    0.35524988174438477,
                    0.8881246912141916
                ],
                [
                    0.0,
                    0.0,
                    0.0,
                    1.0
                ]
            ],
            "file_path": "./train/render15"
        },
        {
            "transform_matrix": [
                [
                    0.16552814841270447,
                    -0.15909399092197418,
                    0.9732879996299744,
                    2.433220004341642
                ],
                [
                    0.9862050414085388,
                    0.026702897623181343,
                    -0.1633601039648056,
                    -0.4084002460656189
                ],
                [
                    0.0,
                    0.9869022369384766,
                    0.16131938993930817,
                    0.4032984620417023
                ],
                [
                    0.0,
                    0.0,
                    0.0,
                    1.0
                ]
            ],
            "file_path": "./train/render16"
        },
        {
            "transform_matrix": [
                [
                    0.9979137182235718,
                    0.01807156205177307,
                    -0.061980947852134705,
                    -0.15495237009171714
                ],
                [
                    -0.06456174701452255,
                    0.27932730317115784,
                    -0.958022952079773,
                    -2.3950574514676246
                ],
                [
                    0.0,
                    0.9600258469581604,
                    0.2799112796783447,
                    0.6997782271351166
                ],
                [
                    0.0,
                    0.0,
                    0.0,
                    1.0
                ]
            ],
            "file_path": "./train/render17"
        },
        {
            "transform_matrix": [
                [
                    0.640518069267273,
                    -0.2804693579673767,
                    0.7148940563201904,
                    1.7872351779547369
                ],
                [
                    0.7679430842399597,
                    0.23393100500106812,
                    -0.5962715148925781,
                    -1.490678720155214
                ],
                [
                    0.0,
                    0.9309206008911133,
                    0.3652215600013733,
                    0.9130538713337306
                ],
                [
                    0.0,
                    0.0,
                    0.0,
                    1.0
                ]
            ],
            "file_path": "./train/render18"
        },
        {
            "transform_matrix": [
                [
                    0.8388643264770508,
                    0.02966771274805069,
                    -0.5435314774513245,
                    -1.3588287521928877
                ],
                [
                    -0.5443405508995056,
                    0.045719876885414124,
                    -0.8376174569129944,
                    -2.0940436766100534
                ],
                [
                    0.0,
                    0.9985136389732361,
                    0.05450211465358734,
                    0.13625528490069896
                ],
                [
                    0.0,
                    0.0,
                    0.0,
                    1.0
                ]
            ],
            "file_path": "./train/render19"
        },
        {
            "transform_matrix": [
                [
                    -0.14830666780471802,
                    -0.02201792597770691,
                    0.988696277141571,
                    2.47174071023109
                ],
                [
                    0.9889414310455322,
                    -0.0033019199036061764,
                    0.1482699066400528,
                    0.3706747739883567
                ],
                [
                    0.0,
                    0.9997521042823792,
                    0.022264136001467705,
                    0.055660338796922476
                ],
                [
                    0.0,
                    0.0,
                    0.0,
                    1.0
                ]
            ],
            "file_path": "./train/render20"
        },
        {
            "transform_matrix": [
                [
                    0.962183952331543,
                    -0.10881778597831726,
                    0.24972130358219147,
                    0.6243032453532875
                ],
                [
                    0.27240049839019775,
                    0.3843705356121063,
                    -0.8820755481719971,
                    -2.205188850733718
                ],
                [
                    0.0,
                    0.9167431592941284,
                    0.39947718381881714,
                    0.9986929410189391
                ],
                [
                    0.0,
                    0.0,
                    0.0,
                    1.0
                ]
            ],
            "file_path": "./train/render21"
        },
        {
            "transform_matrix": [
                [
                    0.3280874788761139,
                    -0.28993475437164307,
                    0.8990530967712402,
                    2.247632707766108
                ],
                [
                    0.9446473717689514,
                    0.10069785267114639,
                    -0.3122520446777344,
                    -0.7806301014064911
                ],
                [
                    0.0,
                    0.9517340660095215,
                    0.3069238066673279,
                    0.7673094915078827
                ],
                [
                    0.0,
                    0.0,
                    0.0,
                    1.0
                ]
            ],
            "file_path": "./train/render22"
        },
        {
            "transform_matrix": [
                [
                    0.957137942314148,
                    0.07466389983892441,
                    -0.2798433005809784,
                    -0.6996082684698619
                ],
                [
                    -0.2896324694156647,
                    0.24673907458782196,
                    -0.9247879981994629,
                    -2.3119700176486715
                ],
                [
                    0.0,
                    0.9662013649940491,
                    0.25778841972351074,
                    0.6444710297462588
                ],
                [
                    0.0,
                    0.0,
                    0.0,
                    1.0
                ]
            ],
            "file_path": "./train/render23"
        },
        {
            "transform_matrix": [
                [
                    0.7933675646781921,
                    -0.2745658755302429,
                    0.5433060526847839,
                    1.3582651315592735
                ],
                [
                    0.608742892742157,
                    0.35783854126930237,
                    -0.7080845236778259,
                    -1.7702112756816302
                ],
                [
                    0.0,
                    0.8925049901008606,
                    0.45103752613067627,
                    1.1275938417000537
                ],
                [
                    0.0,
                    0.0,
                    0.0,
                    1.0
                ]
            ],
            "file_path": "./train/render24"
        },
        {
            "transform_matrix": [
                [
                    -0.003151287091895938,
                    -0.1908303201198578,
                    0.9816179871559143,
                    2.4540449509107005
                ],
                [
                    0.9999950528144836,
                    -0.000601364066824317,
                    0.0030933753587305546,
                    0.007733438500230061
                ],
                [
                    0.0,
                    0.9816228747367859,
                    0.190831258893013,
                    0.47707816219007465
                ],
                [
                    0.0,
                    0.0,
                    0.0,
                    1.0
                ]
            ],
            "file_path": "./train/render25"
        },
        {
            "transform_matrix": [
                [
                    0.9994911551475525,
                    -0.013213778845965862,
                    0.02903115376830101,
                    0.07257788406452761
                ],
                [
                    0.03189689293503761,
                    0.4140545725822449,
                    -0.9096930027008057,
                    -2.2742325483081216
                ],
                [
                    0.0,
                    0.9101561307907104,
                    0.41426536440849304,
                    1.0356634429005713
                ],
                [
                    0.0,
                    0.0,
                    0.0,
                    1.0
                ]
            ],
            "file_path": "./train/render26"
        },
        {
            "transform_matrix": [
                [
                    0.5034670233726501,
                    -0.3725585639476776,
                    0.7795646786689758,
                    1.9489116983068653
                ],
                [
                    0.8640144467353821,
                    0.217092365026474,
                    -0.4542575776576996,
                    -1.1356439095312145
                ],
                [
                    0.0,
                    0.9022588729858398,
                    0.43119481205940247,
                    1.0779870606585726
                ],
                [
                    0.0,
                    0.0,
                    0.0,
                    1.0
                ]
            ],
            "file_path": "./train/render27"
        },
        {
            "transform_matrix": [
                [
                    0.8680144548416138,
                    0.10588910430669785,
                    -0.4851168990135193,
                    -1.2127922322189872
                ],
                [
                    -0.4965389370918274,
                    0.18510790169239044,
                    -0.8480472564697266,
                    -2.120118162851361
                ],
                [
                    0.0,
                    0.9769967198371887,
                    0.2132543921470642,
                    0.5331359836074244
                ],
                [
                    0.0,
                    0.0,
                    0.0,
                    1.0
                ]
            ],
            "file_path": "./train/render28"
        },
        {
            "transform_matrix": [
                [
                    -0.3128128945827484,
                    -0.03333406150341034,
                    0.9492296576499939,
                    2.373074138766543
                ],
                [
                    0.9498147964477539,
                    -0.010978271253407001,
                    0.3126201927661896,
                    0.7815504580094099
                ],
                [
                    0.0,
                    0.9993839859962463,
                    0.03509533032774925,
                    0.08773832402497267
                ],
                [
                    0.0,
                    0.0,
                    0.0,
                    1.0
                ]
            ],
            "file_path": "./train/render29"
        },
        {
            "transform_matrix": [
                [
                    0.917432963848114,
                    -0.20196910202503204,
                    0.34281954169273376,
                    0.8570488387319466
                ],
                [
                    0.3978903889656067,
                    0.4656888544559479,
                    -0.7904537320137024,
                    -1.9761343748236673
                ],
                [
                    0.0,
                    0.8615929484367371,
                    0.5075998902320862,
                    1.2689996929347533
                ],
                [
                    0.0,
                    0.0,
                    0.0,
                    1.0
                ]
            ],
            "file_path": "./train/render30"
        },
        {
            "transform_matrix": [
                [
                    0.15921878814697266,
                    -0.3414028286933899,
                    0.9263333678245544,
                    2.315833391022895
                ],
                [
                    0.9872432947158813,
                    0.05506012961268425,
                    -0.14939546585083008,
                    -0.3734886635562885
                ],
                [
                    0.0,
                    0.9383029937744141,
                    0.3458142578601837,
                    0.8645356691417299
                ],
                [
                    0.0,
                    0.0,
                    0.0,
                    1.0
                ]
            ],
            "file_path": "./train/render31"
        },
        {
            "transform_matrix": [
                [
                    0.9771521091461182,
                    0.08533164858818054,
                    -0.19465935230255127,
                    -0.4866483869780633
                ],
                [
                    -0.21254117786884308,
                    0.39230984449386597,
                    -0.8949409127235413,
                    -2.237352262388942
                ],
                [
                    0.0,
                    0.915866494178772,
                    0.40148288011550903,
                    1.0037072289441449
                ],
                [
                    0.0,
                    0.0,
                    0.0,
                    1.0
                ]
            ],
            "file_path": "./train/render32"
        },
        {
            "transform_matrix": [
                [
                    0.6821980476379395,
                    -0.38716575503349304,
                    0.6202487349510193,
                    1.5506218904351077
                ],
                [
                    0.7311674356460571,
                    0.3612356185913086,
                    -0.5787080526351929,
                    -1.4467700927688465
                ],
                [
                    0.0,
                    0.8482992053031921,
                    0.5295172333717346,
                    1.3237930546626528
                ],
                [
                    0.0,
                    0.0,
                    0.0,
                    1.0
                ]
            ],
            "file_path": "./train/render33"
        },
        {
            "transform_matrix": [
                [
                    0.7384771108627319,
                    0.10242026299238205,
                    -0.666454553604126,
                    -1.6661363247169643
                ],
                [
                    -0.6742785573005676,
                    0.11217177659273148,
                    -0.7299081683158875,
                    -1.8247704326789655
                ],
                [
                    0.0,
                    0.9883964657783508,
                    0.15189607441425323,
                    0.3797401947111592
                ],
                [
                    0.0,
                    0.0,
                    0.0,
                    1.0
                ]
            ],
            "file_path": "./train/render34"
        },
        {
            "transform_matrix": [
                [
                    -0.17471814155578613,
                    -0.20609460771083832,
                    0.9628076553344727,
                    2.4070191467839446
                ],
                [
                    0.9846184849739075,
                    -0.03657098114490509,
                    0.17084786295890808,
                    0.427119643198023
                ],
                [
                    0.0,
                    0.977848470211029,
                    0.20931416749954224,
                    0.5232854263304916
                ],
                [
                    0.0,
                    0.0,
                    0.0,
                    1.0
                ]
            ],
            "file_path": "./train/render35"
        },
        {
            "transform_matrix": [
                [
                    0.9891843795776367,
                    -0.07837691903114319,
                    0.12398091703653336,
                    0.30995229564503446
                ],
                [
                    0.14667722582817078,
                    0.528570294380188,
                    -0.8361215591430664,
                    -2.0903038831290837
                ],
                [
                    0.0,
                    0.8452636003494263,
                    0.5343495607376099,
                    1.3358739650879672
                ],
                [
                    0.0,
                    0.0,
                    0.0,
                    1.0
                ]
            ],
            "file_path": "./train/render36"
        },
        {
            "transform_matrix": [
                [
                    0.34006401896476746,
                    -0.45228081941604614,
                    0.8244989514350891,
                    2.061247380001376
                ],
                [
                    0.9404022693634033,
                    0.16355174779891968,
                    -0.29815158247947693,
                    -0.7453789411993005
                ],
                [
                    0.0,
                    0.8767513036727905,
                    0.4809439778327942,
                    1.2023599596019796
                ],
                [
                    0.0,
                    0.0,
                    0.0,
                    1.0
                ]
            ],
            "file_path": "./train/render37"
        },
        {
            "transform_matrix": [
                [
                    0.8982635140419006,
                    0.16031543910503387,
                    -0.4091718792915344,
                    -1.0229297301270228
                ],
                [
                    -0.4394572675228119,
                    0.3276894688606262,
                    -0.8363593220710754,
                    -2.0908983484866113
                ],
                [
                    0.0,
                    0.9310846328735352,
                    0.3648032546043396,
                    0.9120081488222667
                ],
                [
                    0.0,
                    0.0,
                    0.0,
                    1.0
                ]
            ],
            "file_path": "./train/render38"
        },
        {
            "transform_matrix": [
                [
                    -0.46907147765159607,
                    -0.03780350834131241,
                    0.882350742816925,
                    2.2058768749468047
                ],
                [
                    0.8831602334976196,
                    -0.020078515633940697,
                    0.4686415493488312,
                    1.1716038741777144
                ],
                [
                    0.0,
                    0.9990834593772888,
                    0.04280481114983559,
                    0.10701203010264476
                ],
                [
                    0.0,
                    0.0,
                    0.0,
                    1.0
                ]
            ],
            "file_path": "./train/render39"
        },
        {
            "transform_matrix": [
                [
                    0.8442797660827637,
                    -0.32098883390426636,
                    0.42913612723350525,
                    1.0728403412157166
                ],
                [
                    0.5359026789665222,
                    0.5056970119476318,
                    -0.6760760545730591,
                    -1.690190168317565
                ],
                [
                    0.0,
                    0.8007725477218628,
                    0.5989685654640198,
                    1.4974213826384295
                ],
                [
                    0.0,
                    0.0,
                    0.0,
                    1.0
                ]
            ],
            "file_path": "./train/render40"
        },
        {
            "transform_matrix": [
                [
                    0.5770493149757385,
                    0.06566450744867325,
                    -0.8140652775764465,
                    -2.0351631292003907
                ],
                [
                    -0.8167092800140381,
                    0.04639552906155586,
                    -0.5751811861991882,
                    -1.4379529571680925
                ],
                [
                    0.0,
                    0.9967625737190247,
                    0.08040132373571396,
                    0.2010033097110891
                ],
                [
                    0.0,
                    0.0,
                    0.0,
                    1.0
                ]
            ],
            "file_path": "./train/render41"
        },
        {
            "transform_matrix": [
                [
                    -0.01997530646622181,
                    -0.3718469440937042,
                    0.9280791282653809,
                    2.320197767803513
                ],
                [
                    0.9998005032539368,
                    -0.007429238874465227,
                    0.018542364239692688,
                    0.046355909189976924
                ],
                [
                    0.0,
                    0.928264319896698,
                    0.3719211518764496,
                    0.9298029081277195
                ],
                [
                    0.0,
                    0.0,
                    0.0,
                    1.0
                ]
            ],
            "file_path": "./train/render42"
        },
        {
            "transform_matrix": [
                [
                    0.9927877187728882,
                    0.06385952979326248,
                    -0.10146189481019974,
                    -0.2536547455769278
                ],
                [
                    -0.11988559365272522,
                    0.5288287997245789,
                    -0.8402187824249268,
                    -2.100546899751129
                ],
                [
                    0.0,
                    0.8463226556777954,
                    0.5326705574989319,
                    1.331676384108476
                ],
                [
                    0.0,
                    0.0,
                    0.0,
                    1.0
                ]
            ],
            "file_path": "./train/render43"
        },
        {
            "transform_matrix": [
                [
                    0.5361073017120361,
                    -0.4990959167480469,
                    0.6808026432991028,
                    1.702006584436906
                ],
                [
                    0.8441498279571533,
                    0.31696856021881104,
                    -0.43236786127090454,
                    -1.080919666679319
                ],
                [
                    0.0,
                    0.8064950108528137,
                    0.5912408828735352,
                    1.4781022497511085
                ],
                [
                    0.0,
                    0.0,
                    0.0,
                    1.0
                ]
            ],
            "file_path": "./train/render44"
        },
        {
            "transform_matrix": [
                [
                    0.7732977867126465,
                    0.19620861113071442,
                    -0.6029201745986938,
                    -1.507300413543984
                ],
                [
                    -0.6340430378913879,
                    0.2393018752336502,
                    -0.7353394031524658,
                    -1.83834855272099
                ],
                [
                    0.0,
                    0.950913667678833,
                    0.30945631861686707,
                    0.7736407835932481
                ],
                [
                    0.0,
                    0.0,
                    0.0,
                    1.0
                ]
            ],
            "file_path": "./train/render45"
        },
        {
            "transform_matrix": [
                [
                    -0.34242305159568787,
                    -0.20697957277297974,
                    0.9164637923240662,
                    2.291159520286511
                ],
                [
                    0.9395458698272705,
                    -0.07543493062257767,
                    0.33401066064834595,
                    0.8350266209234048
                ],
                [
                    0.0,
                    0.9754327535629272,
                    0.22029747068881989,
                    0.550743674452759
                ],
                [
                    0.0,
                    0.0,
                    0.0,
                    1.0
                ]
            ],
            "file_path": "./train/render46"
        },
        {
            "transform_matrix": [
                [
                    0.959683358669281,
                    -0.17947231233119965,
                    0.21632735431194305,
                    0.5408183935278016
                ],
                [
                    0.2810833156108856,
                    0.6127598881721497,
                    -0.7385915517807007,
                    -1.8464788236318226
                ],
                [
                    0.0,
                    0.7696200013160706,
                    0.6385021805763245,
                    1.5962554366708503
                ],
                [
                    0.0,
                    0.0,
                    0.0,
                    1.0
                ]
            ],
            "file_path": "./train/render47"
        },
        {
            "transform_matrix": [
                [
                    0.39106279611587524,
                    0.005631261970847845,
